2.034055900573730469e+01 9.860035896301269531e+00 -1.548139095306396484e+00 6.398794054985046387e-01 6.597549319267272949e-01 1.674987316131591797e+00 -3.470015823841094971e-01 7.738790512084960938e-01 0.000000000000000000e+00
1.999235153198242188e+01 7.146394729614257812e+00 -1.286477565765380859e+00 5.909739732742309570e-01 7.017754912376403809e-01 1.654220700263977051e+00 -2.494478702545166016e+00 6.206435561180114746e-01 0.000000000000000000e+00
1.860032463073730469e+01 9.672505378723144531e+00 -1.450283408164978027e+00 7.064210176467895508e-01 8.043535351753234863e-01 1.651105642318725586e+00 -2.160783290863037109e+00 5.504024624824523926e-01 0.000000000000000000e+00
1.976514625549316406e+01 6.664369702339172363e-01 -1.241285324096679688e+00 5.921192169189453125e-01 9.163099527359008789e-01 1.729242920875549316e+00 5.912408828735351562e-01 5.467040538787841797e-01 0.000000000000000000e+00
1.740066146850585938e+01 4.585566997528076172e+00 -1.318918466567993164e+00 7.559525370597839355e-01 1.050449728965759277e+00 1.811554074287414551e+00 1.272075533866882324e+00 3.954198360443115234e-01 0.000000000000000000e+00
2.139187812805175781e+01 1.192942905426025391e+01 -1.725915789604187012e+00 6.476110816001892090e-01 7.452903985977172852e-01 1.753177642822265625e+00 -6.519548892974853516e-01 3.831852078437805176e-01 0.000000000000000000e+00
1.834439468383789062e+01 -1.105293369293212891e+01 -9.760115742683410645e-01 5.531713962554931641e-01 1.184724450111389160e+00 1.903616547584533691e+00 -2.105461597442626953e+00 3.482544422149658203e-01 0.000000000000000000e+00
4.411526107788085938e+01 2.350717735290527344e+01 -4.827863574028015137e-01 7.224344015121459961e-01 6.920664310455322266e-01 2.017780780792236328e+00 -1.697964787483215332e+00 3.269972205162048340e-01 0.000000000000000000e+00
2.682696533203125000e+01 -1.717809486389160156e+01 -9.968866705894470215e-01 4.613486230373382568e-01 1.554473400115966797e+00 1.698079228401184082e+00 -1.489741563796997070e+00 2.644304037094116211e-01 0.000000000000000000e+00
1.553574371337890625e+01 -1.145749282836914062e+01 -1.020848512649536133e+00 6.282954812049865723e-01 1.875811219215393066e+00 1.784522414207458496e+00 2.886724472045898438e-01 8.967296481132507324e-01 1.000000000000000000e+00
2.692679977416992188e+01 -2.067675971984863281e+01 -8.377605676651000977e-01 4.396144747734069824e-01 1.680133938789367676e+00 1.761478304862976074e+00 -1.600124001502990723e+00 7.743394374847412109e-01 1.000000000000000000e+00
2.089751243591308594e+01 -1.237192916870117188e+01 -9.609106183052062988e-01 5.341561436653137207e-01 1.754205822944641113e+00 1.757888197898864746e+00 3.140979290008544922e+00 6.933133602142333984e-01 1.000000000000000000e+00
1.751809310913085938e+01 6.892041206359863281e+00 -1.458823442459106445e+00 5.775175690650939941e-01 1.744409680366516113e+00 1.701874136924743652e+00 -6.734718084335327148e-01 6.410536766052246094e-01 1.000000000000000000e+00
3.090745353698730469e+01 -8.900475502014160156e+00 -1.072487354278564453e+00 5.799685716629028320e-01 1.701883196830749512e+00 1.774198651313781738e+00 2.029559612274169922e-01 5.796219110488891602e-01 1.000000000000000000e+00
2.785676193237304688e+01 -1.061447620391845703e+01 -9.673824310302734375e-01 6.047323942184448242e-01 1.898239731788635254e+00 1.772905588150024414e+00 -9.396333694458007812e-01 5.596663355827331543e-01 1.000000000000000000e+00
2.675117301940917969e+01 -1.714750671386718750e+01 -9.915028810501098633e-01 4.797383844852447510e-01 1.514799952507019043e+00 1.709632158279418945e+00 -1.515598893165588379e+00 4.174047708511352539e-01 1.000000000000000000e+00
1.266996574401855469e+01 3.221862792968750000e+00 -1.444562911987304688e+00 1.553736090660095215e+00 3.714581251144409180e+00 1.377631306648254395e+00 -1.575335025787353516e+00 9.640904664993286133e-01 2.000000000000000000e+00
5.309536361694335938e+01 8.819072723388671875e+00 -8.628649115562438965e-01 1.570355653762817383e+00 3.641744852066040039e+00 1.561959147453308105e+00 1.508133769035339355e+00 8.184849619865417480e-01 2.000000000000000000e+00
