2.034056854248046875e+01 9.860022544860839844e+00 -1.547992348670959473e+00 6.399459242820739746e-01 6.593655943870544434e-01 1.674987554550170898e+00 -3.472536802291870117e-01 7.738631367683410645e-01 0.000000000000000000e+00
1.999234199523925781e+01 7.146403789520263672e+00 -1.287171602249145508e+00 5.909593105316162109e-01 7.014114856719970703e-01 1.654734492301940918e+00 -2.490731716156005859e+00 6.211035847663879395e-01 0.000000000000000000e+00
1.860087203979492188e+01 9.672472953796386719e+00 -1.450598239898681641e+00 7.079021930694580078e-01 8.035578727722167969e-01 1.650766253471374512e+00 -2.157704830169677734e+00 5.482944846153259277e-01 0.000000000000000000e+00
1.976503562927246094e+01 6.666597127914428711e-01 -1.242495536804199219e+00 5.919713377952575684e-01 9.159657359123229980e-01 1.730958580970764160e+00 5.830340385437011719e-01 5.458053946495056152e-01 0.000000000000000000e+00
1.740071487426757812e+01 4.584972381591796875e+00 -1.321729063987731934e+00 7.571231126785278320e-01 1.057367324829101562e+00 1.814721345901489258e+00 1.277646780014038086e+00 3.893775343894958496e-01 0.000000000000000000e+00
2.139187812805175781e+01 1.192942905426025391e+01 -1.725915670394897461e+00 6.476109623908996582e-01 7.452897429466247559e-01 1.753176808357238770e+00 -6.519539356231689453e-01 3.831842541694641113e-01 0.000000000000000000e+00
1.834476280212402344e+01 -1.105309963226318359e+01 -9.763512611389160156e-01 5.536041855812072754e-01 1.186067581176757812e+00 1.904271841049194336e+00 -2.101159095764160156e+00 3.497089147567749023e-01 0.000000000000000000e+00
4.411526107788085938e+01 2.350717735290527344e+01 -4.827863574028015137e-01 7.224344015121459961e-01 6.920664310455322266e-01 2.017780780792236328e+00 -1.697964787483215332e+00 3.269972205162048340e-01 0.000000000000000000e+00
2.682696533203125000e+01 -1.717809486389160156e+01 -9.968866705894470215e-01 4.613486230373382568e-01 1.554473400115966797e+00 1.698079228401184082e+00 -1.489741563796997070e+00 2.644304037094116211e-01 0.000000000000000000e+00
1.553551578521728516e+01 -1.145715713500976562e+01 -1.020584464073181152e+00 6.292804479598999023e-01 1.875048160552978516e+00 1.784684538841247559e+00 2.881209850311279297e-01 8.974059224128723145e-01 1.000000000000000000e+00
2.692679977416992188e+01 -2.067675971984863281e+01 -8.377605676651000977e-01 4.396144747734069824e-01 1.680133938789367676e+00 1.761478304862976074e+00 -1.600124001502990723e+00 7.743394374847412109e-01 1.000000000000000000e+00
2.089751243591308594e+01 -1.237192916870117188e+01 -9.609113335609436035e-01 5.341553092002868652e-01 1.754204273223876953e+00 1.757889032363891602e+00 3.140981674194335938e+00 6.933093667030334473e-01 1.000000000000000000e+00
1.751737976074218750e+01 6.892630577087402344e+00 -1.455163478851318359e+00 5.795792341232299805e-01 1.741541624069213867e+00 1.701840758323669434e+00 -6.785945892333984375e-01 6.406379342079162598e-01 1.000000000000000000e+00
3.090745353698730469e+01 -8.900475502014160156e+00 -1.072487354278564453e+00 5.799685716629028320e-01 1.701883196830749512e+00 1.774198651313781738e+00 2.029559612274169922e-01 5.796219110488891602e-01 1.000000000000000000e+00
2.785676193237304688e+01 -1.061447620391845703e+01 -9.673824310302734375e-01 6.047323942184448242e-01 1.898239731788635254e+00 1.772905588150024414e+00 -9.396333694458007812e-01 5.596663355827331543e-01 1.000000000000000000e+00
2.675117301940917969e+01 -1.714750671386718750e+01 -9.915028810501098633e-01 4.797383844852447510e-01 1.514799952507019043e+00 1.709632158279418945e+00 -1.515598893165588379e+00 4.174047708511352539e-01 1.000000000000000000e+00
1.266433525085449219e+01 3.239124536514282227e+00 -1.435443639755249023e+00 1.567053079605102539e+00 3.741737127304077148e+00 1.351194024085998535e+00 -1.577499866485595703e+00 9.687145948410034180e-01 2.000000000000000000e+00
5.309536361694335938e+01 8.819072723388671875e+00 -8.628649115562438965e-01 1.570355653762817383e+00 3.641744852066040039e+00 1.561959147453308105e+00 1.508133769035339355e+00 8.184849619865417480e-01 2.000000000000000000e+00
