20.3406 9.8600 -1.5481 0.6399 0.6597 1.6750 -0.3470 0.7739 0.0000
19.9923 7.1464 -1.2865 0.5910 0.7018 1.6542 -2.4945 0.6206 0.0000
18.6003 9.6725 -1.4503 0.7064 0.8043 1.6511 -2.1608 0.5504 0.0000
19.7651 0.6664 -1.2413 0.5921 0.9163 1.7292 0.5912 0.5467 0.0000
17.4007 4.5856 -1.3189 0.7559 1.0505 1.8115 1.2720 0.3954 0.0000
21.3919 11.9294 -1.7259 0.6476 0.7453 1.7532 -0.6520 0.3832 0.0000
18.3444 -11.0529 -0.9760 0.5532 1.1847 1.9036 -2.1055 0.3483 0.0000
44.1153 23.5072 -0.4828 0.7225 0.6920 2.0178 -1.6980 0.3270 0.0000
26.8270 -17.1781 -0.9969 0.4614 1.5545 1.6981 -1.4897 0.2644 0.0000
15.5357 -11.4575 -1.0209 0.6283 1.8758 1.7845 0.2887 0.8967 1.0000
26.9268 -20.6768 -0.8378 0.4396 1.6801 1.7615 -1.6002 0.7744 1.0000
20.8975 -12.3719 -0.9609 0.5342 1.7542 1.7579 3.1410 0.6933 1.0000
17.5181 6.8920 -1.4588 0.5775 1.7444 1.7019 -0.6735 0.6411 1.0000
30.9075 -8.9005 -1.0725 0.5800 1.7019 1.7742 0.2029 0.5796 1.0000
27.8568 -10.6145 -0.9674 0.6047 1.8982 1.7729 -0.9396 0.5597 1.0000
26.7512 -17.1475 -0.9915 0.4797 1.5148 1.7096 -1.5156 0.4174 1.0000
12.6700 3.2219 -1.4446 1.5537 3.7146 1.3776 -1.5753 0.9641 2.0000
53.0953 8.8191 -0.8629 1.5704 3.6417 1.5619 1.5081 0.8185 2.0000
