20.3281 9.8594 -1.5469 0.6367 0.6548 1.6709 -0.3513 0.7695 0
20.0000 7.1523 -1.2881 0.5791 0.7554 1.6689 -2.0303 0.6226 0
19.7656 0.6685 -1.2471 0.5898 0.9141 1.7324 0.6055 0.5396 0
18.5938 9.6719 -1.4521 0.7026 0.7739 1.6553 -2.0615 0.5278 0
21.3906 11.9297 -1.7246 0.6450 0.7456 1.7500 -0.6299 0.3955 0
17.4062 4.5859 -1.3193 0.7593 1.0439 1.8135 1.2715 0.3950 0
18.3438 -11.0469 -0.9746 0.5552 1.1865 1.9033 -2.0996 0.3530 0
44.1250 23.5000 -0.4888 0.7222 0.6909 2.0156 -1.6934 0.3132 0
26.8281 -17.1875 -0.9961 0.4631 1.5342 1.6992 -1.4971 0.2632 0
15.5391 -11.4531 -1.0195 0.6279 1.8760 1.7842 0.2866 0.8989 1
26.9375 -20.6719 -0.8335 0.4395 1.6816 1.7598 -1.6064 0.7949 1
20.8906 -12.3750 -0.9585 0.5352 1.7510 1.7568 0.0054 0.6953 1
17.5156 6.8906 -1.4619 0.5786 1.7393 1.7012 -0.6748 0.6318 1
30.9062 -8.8984 -1.0771 0.5806 1.7090 1.7744 0.1918 0.5854 1
27.8594 -10.6172 -0.9658 0.6064 1.8975 1.7715 -0.9404 0.5679 1
26.7500 -17.1562 -0.9917 0.4819 1.4902 1.7100 -1.5225 0.4165 1
12.6719 3.2227 -1.4443 1.5557 3.7148 1.3760 -1.5752 0.9639 2
53.0938 8.8203 -0.8594 1.5693 3.6387 1.5576 1.5029 0.8193 2
