20.3406 9.8601 -1.5481 0.6399 0.6598 1.6749 -0.3469 0.7739 0
19.9924 7.1464 -1.2864 0.5910 0.7017 1.6541 -2.4948 0.6205 0
18.6003 9.6725 -1.4503 0.7064 0.8043 1.6511 -2.1613 0.5504 0
19.7651 0.6664 -1.2413 0.5921 0.9163 1.7292 0.5911 0.5467 0
17.4006 4.5856 -1.3188 0.7559 1.0507 1.8115 1.2724 0.3953 0
21.3919 11.9294 -1.7259 0.6476 0.7454 1.7532 -0.6521 0.3832 0
18.3444 -11.0529 -0.9760 0.5532 1.1848 1.9036 -2.1055 0.3483 0
44.1153 23.5072 -0.4827 0.7225 0.6920 2.0178 -1.6980 0.3270 0
26.8270 -17.1781 -0.9969 0.4613 1.5553 1.6980 -1.4897 0.2644 0
15.5357 -11.4575 -1.0209 0.6283 1.8758 1.7846 0.2887 0.8968 1
26.9268 -20.6768 -0.8378 0.4396 1.6802 1.7615 -1.6002 0.7744 1
20.8975 -12.3719 -0.9609 0.5341 1.7542 1.7579 3.1409 0.6931 1
17.5181 6.8921 -1.4588 0.5775 1.7444 1.7018 -0.6735 0.6409 1
30.9075 -8.9005 -1.0724 0.5799 1.7019 1.7742 0.2028 0.5797 1
27.8568 -10.6145 -0.9674 0.6048 1.8983 1.7729 -0.9396 0.5595 1
26.7512 -17.1475 -0.9915 0.4797 1.5154 1.7096 -1.5155 0.4175 1
12.6699 3.2219 -1.4445 1.5538 3.7145 1.3776 -1.5753 0.9641 2
53.0954 8.8191 -0.8629 1.5704 3.6416 1.5619 1.5081 0.8184 2
